#C t x y z vx vy vz wx wy wz o11 o12 o13 o21 o22 o23 o31 o32 o33
# Recorded every 1th time step
# [default, $Id$][2079803825]
# ######
# [1, 1][516914677]
# ######
19.050000 -15.5306 0.0565822 1.29408 0.0125316 0.0943426 -0.00249954 0.00640972 0.0147701 -0.0925282 0.0477878 0.162596 -0.985535 -0.0105001 0.986689 0.162278 0.998802 0.00259332 0.048859
19.060000 -15.5305 0.0575266 1.29405 0.0103249 0.0944412 -0.00282037 0.00522845 0.0161408 -0.0852572 0.04794 0.163438 -0.985388 -0.0105931 0.98655 0.163115 0.998794 0.0026186 0.0490265
19.070000 -15.5304 0.0584732 1.29402 0.00842069 0.094663 -0.0030058 0.00383675 0.0170617 -0.0782799 0.0481021 0.164211 -0.985252 -0.010669 0.986422 0.163885 0.998785 0.00262849 0.0492009
19.080000 -15.5304 0.0594231 1.29399 0.00681565 0.0949867 -0.00305219 0.00239335 0.0175549 -0.0715819 0.0482698 0.164917 -0.985126 -0.0107274 0.986304 0.164589 0.998777 0.00262321 0.0493778
19.090000 -15.5303 0.060377 1.29396 0.00550228 0.0953936 -0.00296282 0.00101558 0.0176457 -0.0651887 0.048439 0.165561 -0.985009 -0.0107691 0.986196 0.16523 0.998768 0.00260407 0.0495533
19.100000 -15.5303 0.0613357 1.29393 0.00447004 0.0958676 -0.00274727 -0.000214623 0.0173615 -0.0591498 0.048606 0.166144 -0.984903 -0.0107957 0.986098 0.165813 0.99876 0.00257316 0.049724
19.110000 -15.5302 0.0622996 1.29391 0.00370616 0.0963945 -0.0024204 -0.00124462 0.0167327 -0.0535268 0.0487674 0.166673 -0.984806 -0.0108093 0.986009 0.166341 0.998752 0.00253304 0.0498867
19.120000 -15.5302 0.0632693 1.29389 0.00319611 0.0969618 -0.00200122 -0.00204521 0.0157936 -0.048384 0.0489199 0.16715 -0.984717 -0.0108125 0.985928 0.166818 0.998744 0.00248652 0.0500388
19.130000 -15.5302 0.0642449 1.29388 0.00292373 0.0975587 -0.00151168 -0.00260539 0.0145833 -0.0437815 0.0490608 0.167582 -0.984637 -0.0108079 0.985855 0.167251 0.998737 0.00243642 0.0501781
19.140000 -15.5301 0.0652266 1.29387 0.00287127 0.0981761 -0.000975418 -0.00292798 0.0131457 -0.0397706 0.0491878 0.167974 -0.984563 -0.0107982 0.985788 0.167644 0.998731 0.0023855 0.0503026
19.150000 -15.5301 0.0662147 1.29386 0.00301931 0.0988061 -0.000416628 -0.00302588 0.0115291 -0.0363899 0.049299 0.168333 -0.984497 -0.0107859 0.985727 0.168004 0.998726 0.00233629 0.050411
19.160000 -15.5301 0.0672092 1.29386 0.00347925 0.0994493 0.00014709 -0.00297536 0.00964575 -0.0334036 0.0493917 0.168663 -0.984436 -0.0107727 0.985671 0.168334 0.998721 0.00229071 0.050501
19.170000 -15.53 0.0682102 1.29387 0.00403626 0.1001 0.000688967 -0.00276027 0.00774071 -0.0312496 0.0494657 0.168971 -0.984379 -0.0107606 0.985618 0.168643 0.998718 0.00225043 0.0505725
19.180000 -15.53 0.069217 1.29388 0.0046693 0.100683 0.00118101 -0.00270944 0.00584915 -0.0295917 0.0495209 0.169263 -0.984326 -0.0107482 0.985568 0.168936 0.998715 0.00221384 0.0506255
19.190000 -15.5299 0.0702273 1.2939 0.00533788 0.101034 0.00158779 -0.00359712 0.00398785 -0.0276893 0.0495578 0.169536 -0.984277 -0.0107259 0.985522 0.16921 0.998714 0.00217163 0.0506587
19.200000 -15.5299 0.0712396 1.29392 0.0059877 0.101229 0.00189221 -0.00499708 0.00217609 -0.0256022 0.0495768 0.169788 -0.984233 -0.0106887 0.985478 0.169465 0.998713 0.00211869 0.0506716
19.210000 -15.5298 0.0722529 1.29394 0.00658003 0.101326 0.00208954 -0.00658204 0.000467711 -0.0233743 0.0495789 0.170019 -0.984193 -0.0106346 0.985439 0.169698 0.998714 0.00205303 0.0506651
19.220000 -15.5297 0.0732666 1.29396 0.00707608 0.10137 0.00218293 -0.00810416 -0.00106589 -0.0210693 0.0495661 0.170226 -0.984158 -0.0105641 0.985403 0.169909 0.998715 0.00197499 0.0506408
19.230000 -15.5296 0.0742805 1.29398 0.00742741 0.101395 0.00217996 -0.00937857 -0.00234344 -0.0187867 0.0495407 0.170411 -0.984127 -0.0104797 0.985371 0.170099 0.998717 0.00188656 0.0506018
19.240000 -15.5296 0.0752948 1.294 0.00759748 0.101422 0.00209124 -0.0102825 -0.00330365 -0.0166081 0.049506 0.170575 -0.9841 -0.0103853 0.985343 0.170268 0.99872 0.00179088 0.0505518
19.250000 -15.5295 0.0763094 1.29402 0.00756365 0.101463 0.0019293 -0.0107504 -0.00390984 -0.0145938 0.0494654 0.170719 -0.984077 -0.0102851 0.985318 0.170417 0.998723 0.00169162 0.050495
19.260000 -15.5294 0.0773246 1.29404 0.00731784 0.101522 0.00170781 -0.0107675 -0.00415078 -0.0127816 0.0494226 0.170844 -0.984058 -0.0101839 0.985297 0.170548 0.998726 0.00159262 0.0504358
19.270000 -15.5294 0.0783406 1.29405 0.00686598 0.101598 0.00144102 -0.0103603 -0.00403902 -0.0111873 0.0493812 0.170955 -0.984041 -0.010086 0.985278 0.170663 0.998729 0.00149744 0.0503784
19.280000 -15.5293 0.0793575 1.29406 0.00622655 0.101687 0.00114326 -0.00958699 -0.00360746 -0.00980679 0.0493442 0.171051 -0.984026 -0.00999505 0.985261 0.170765 0.998732 0.00140915 0.0503265
19.290000 -15.5292 0.0803753 1.29407 0.00542828 0.101781 0.000828525 -0.00852745 -0.00290498 -0.00861971 0.0493143 0.171136 -0.984012 -0.00991414 0.985247 0.170854 0.998734 0.00133011 0.0502834
19.300000 -15.5292 0.0813942 1.29408 0.004485 0.101887 0.00050943 -0.00717836 -0.00194262 -0.00762487 0.0492941 0.171211 -0.984 -0.00984621 0.985234 0.170932 0.998736 0.00126271 0.050252
19.310000 -15.5292 0.0824146 1.29408 0.00336265 0.102041 0.000195241 -0.00533085 -0.000623314 -0.00689121 0.0492872 0.171279 -0.983989 -0.00979636 0.985222 0.171003 0.998737 0.00121125 0.0502368
19.320000 -15.5291 0.0834367 1.29408 0.00213146 0.10221 -0.000105117 -0.00324852 0.000923864 -0.00635316 0.0492958 0.171342 -0.983978 -0.00976705 0.985211 0.171067 0.998736 0.00117767 0.0502403
19.330000 -15.5291 0.0844604 1.29407 0.000861485 0.10237 -0.000383308 -0.00115183 0.00257278 -0.00593416 0.0493209 0.1714 -0.983966 -0.00975847 0.985201 0.171126 0.998735 0.00116191 0.0502636
19.340000 -15.5291 0.0854854 1.29407 -0.000382027 0.102507 -0.000631555 0.000784326 0.00420843 -0.00555734 0.0493624 0.171455 -0.983955 -0.00976905 0.985191 0.17118 0.998733 0.00116242 0.0503064
19.350000 -15.5292 0.0865115 1.29406 -0.00154208 0.10261 -0.000842823 0.00243217 0.0057325 -0.0051532 0.0494192 0.171506 -0.983943 -0.00979588 0.985182 0.17123 0.99873 0.00117655 0.050367
19.360000 -15.5292 0.0875383 1.29405 -0.00257256 0.102677 -0.00101112 0.00370971 0.00706668 -0.00466517 0.0494893 0.171552 -0.983931 -0.00983524 0.985174 0.171274 0.998726 0.00120098 0.0504428
19.370000 -15.5292 0.0885656 1.29404 -0.00348323 0.102731 -0.00107687 0.00415834 0.0069222 -0.00399047 0.049558 0.171591 -0.983921 -0.00987875 0.985167 0.171311 0.998722 0.00123007 0.0505181
19.380000 -15.5293 0.0895934 1.29403 -0.00421953 0.10278 -0.00101806 0.00378165 0.00566555 -0.00303395 0.0496143 0.171621 -0.983913 -0.00991802 0.985162 0.171339 0.998719 0.0012576 0.0505803
19.390000 -15.5293 0.0906215 1.29402 -0.00457933 0.102809 -0.000884813 0.00301387 0.00467989 -0.00154019 0.0496609 0.171636 -0.983908 -0.00994888 0.98516 0.171353 0.998717 0.00127926 0.0506315
19.400000 -15.5293 0.0916498 1.29401 -0.00473459 0.102826 -0.000713501 0.00202514 0.00392163 7.70084e-05 0.0497001 0.171636 -0.983906 -0.00996907 0.98516 0.171351 0.998714 0.00129248 0.0506736
19.410000 -15.5294 0.0926781 1.29401 -0.00471472 0.102832 -0.000527251 0.000926422 0.00326684 0.00177926 0.0497329 0.171618 -0.983907 -0.00997744 0.985163 0.171333 0.998713 0.001296 0.0507073
19.420000 -15.5294 0.0937064 1.294 -0.00455364 0.102827 -0.000340753 -0.000199186 0.00264704 0.00351381 0.0497597 0.171584 -0.983912 -0.0099737 0.985169 0.171298 0.998711 0.0012895 0.050733
19.430000 -15.5295 0.0947345 1.294 -0.00428727 0.102817 -0.000163124 -0.00128519 0.00203001 0.00522359 0.0497805 0.171532 -0.98392 -0.00995827 0.985178 0.171248 0.998711 0.00127335 0.0507508
19.440000 -15.5295 0.0957626 1.294 -0.00395092 0.102805 1.51513e-07 -0.0022772 0.00140726 0.00685423 0.0497952 0.171465 -0.983931 -0.00993211 0.985189 0.171181 0.99871 0.0012485 0.0507607
19.450000 -15.5296 0.0967905 1.294 -0.00357732 0.102794 0.000145897 -0.0031317 0.000785266 0.00835809 0.0498039 0.171382 -0.983945 -0.00989667 0.985204 0.171101 0.99871 0.0012163 0.0507631
19.460000 -15.5296 0.0978184 1.29401 -0.00319511 0.102786 0.000272348 -0.00381631 0.000179094 0.00969642 0.0498066 0.171287 -0.983961 -0.00985373 0.985221 0.171007 0.99871 0.0011784 0.0507583
19.470000 -15.5296 0.0988462 1.29401 -0.00282785 0.102783 0.000378566 -0.00431014 -0.000392345 0.0108404 0.0498038 0.17118 -0.98398 -0.00980528 0.985239 0.170903 0.998711 0.00113661 0.0507471
19.480000 -15.5296 0.0998741 1.29402 -0.00248061 0.102785 0.000464644 -0.00461118 -0.000923237 0.011798 0.0497957 0.171064 -0.984001 -0.00975336 0.985259 0.170789 0.998712 0.00109275 0.0507301
19.490000 -15.5297 0.100902 1.29402 -0.00217002 0.102794 0.000530614 -0.00472185 -0.00139266 0.0125458 0.049783 0.17094 -0.984023 -0.00969995 0.985281 0.170668 0.998713 0.00104861 0.0507084
19.500000 -15.5297 0.10193 1.29403 -0.00190815 0.102808 0.000576533 -0.00465074 -0.00178306 0.0130707 0.0497665 0.170811 -0.984046 -0.009647 0.985303 0.170542 0.998714 0.00100584 0.0506829
19.510000 -15.5297 0.102958 1.29403 -0.00170151 0.102826 0.000602588 -0.00441296 -0.00208174 0.0133711 0.049747 0.17068 -0.98407 -0.00959627 0.985326 0.170412 0.998716 0.00096591 0.0506549
19.520000 -15.5297 0.103987 1.29404 -0.00155157 0.102846 0.000609192 -0.00402962 -0.00228113 0.0134548 0.0497255 0.170547 -0.984094 -0.00954934 0.985349 0.170282 0.998717 0.000930096 0.0506256
19.530000 -15.5297 0.105015 1.29404 -0.0014555 0.102867 0.00059708 -0.00352659 -0.00237885 0.0133368 0.049703 0.170415 -0.984118 -0.00950748 0.985372 0.170152 0.998719 0.000899402 0.0505961
19.540000 -15.5297 0.106044 1.29405 -0.00140707 0.102886 0.000567391 -0.00293287 -0.00237748 0.0130377 0.0496805 0.170287 -0.984141 -0.00947171 0.985394 0.170026 0.99872 0.000874552 0.0505678
19.550000 -15.5298 0.107073 1.29405 -0.00139759 0.102901 0.000521728 -0.00227893 -0.00228417 0.0125814 0.0496589 0.170163 -0.984164 -0.00944271 0.985416 0.169903 0.998722 0.000855984 0.0505414
19.560000 -15.5298 0.108102 1.29406 -0.00141685 0.10291 0.000462174 -0.00159494 -0.00210992 0.011994 0.0496389 0.170045 -0.984185 -0.00942082 0.985436 0.169786 0.998723 0.000843856 0.0505179
19.570000 -15.5298 0.109132 1.29406 -0.00145401 0.102914 0.000391277 -0.000909355 -0.00186875 0.0113018 0.0496213 0.169933 -0.984205 -0.00940613 0.985455 0.169675 0.998724 0.000838071 0.050498
19.580000 -15.5298 0.110161 1.29407 -0.00149839 0.10291 0.000311987 -0.000247631 -0.00157678 0.0105306 0.0496066 0.16983 -0.984224 -0.00939843 0.985473 0.169571 0.998725 0.000838309 0.0504821
19.590000 -15.5298 0.11119 1.29407 -0.00154009 0.1029 0.000227553 0.000368635 -0.00125129 0.00970452 0.049595 0.169734 -0.984241 -0.0093973 0.98549 0.169476 0.998725 0.000844067 0.0504704
19.600000 -15.5298 0.112219 1.29407 -0.00157052 0.102883 0.000141397 0.000922274 -0.000909767 0.00884527 0.0495867 0.169647 -0.984257 -0.00940213 0.985505 0.169388 0.998726 0.0008547 0.050463
19.610000 -15.5298 0.113247 1.29407 -0.0015827 0.10286 5.69546e-05 0.00140077 -0.00056907 0.00797194 0.0495818 0.169568 -0.98427 -0.00941216 0.985518 0.169309 0.998726 0.000869469 0.0504597
19.620000 -15.5299 0.114275 1.29407 -0.00157146 0.102834 -2.248e-05 0.0017962 -0.000244689 0.00710064 0.04958 0.169498 -0.984283 -0.00942658 0.98553 0.169238 0.998726 0.000887586 0.0504604
19.630000 -15.5299 0.115303 1.29407 -0.00153348 0.102803 -9.39163e-05 0.00210497 4.98577e-05 0.00624454 0.0495811 0.169437 -0.984293 -0.00944451 0.985541 0.169176 0.998725 0.000908247 0.0504644
19.640000 -15.5299 0.116331 1.29407 -0.00146414 0.102771 -0.000154677 0.00232559 0.000300243 0.00542044 0.0495846 0.169383 -0.984302 -0.00946505 0.98555 0.169121 0.998725 0.000930658 0.0504713
19.650000 -15.5299 0.117359 1.29407 -0.00136465 0.102739 -0.00020274 0.00246146 0.000499082 0.00463252 0.04959 0.169338 -0.98431 -0.00948733 0.985558 0.169074 0.998725 0.000954072 0.0504804
19.660000 -15.5299 0.118386 1.29406 -0.00123815 0.102707 -0.000236798 0.00251968 0.000642264 0.00388254 0.0495968 0.169299 -0.984316 -0.00951057 0.985564 0.169035 0.998724 0.000977817 0.050491
19.670000 -15.5299 0.119412 1.29406 -0.00108864 0.102678 -0.000256278 0.00250972 0.000728387 0.0031717 0.0496044 0.169268 -0.984321 -0.00953406 0.98557 0.169002 0.998723 0.00100132 0.0505024
19.680000 -15.5299 0.120439 1.29406 -0.000920659 0.102651 -0.000261336 0.00244235 0.000758713 0.00250063 0.0496122 0.169243 -0.984325 -0.00955721 0.985574 0.168977 0.998723 0.00102411 0.050514
19.690000 -15.5299 0.121465 1.29406 -0.000739071 0.102627 -0.000252818 0.00232885 0.000736916 0.00186946 0.0496197 0.169225 -0.984328 -0.00957955 0.985577 0.168957 0.998722 0.00104581 0.0505252
19.700000 -15.53 0.122491 1.29405 -0.000548783 0.102606 -0.000232184 0.00218035 0.000668707 0.0012779 0.0496265 0.169212 -0.984329 -0.00960069 0.985579 0.168943 0.998722 0.00106617 0.0505354
19.710000 -15.53 0.123517 1.29405 -0.000354575 0.10259 -0.000201404 0.00200744 0.000561413 0.000725331 0.0496322 0.169205 -0.98433 -0.00962038 0.98558 0.168935 0.998721 0.001085 0.0505444
19.720000 -15.53 0.124543 1.29405 -0.000160945 0.102576 -0.000162833 0.0018198 0.000423516 0.000210879 0.0496365 0.169203 -0.98433 -0.00963845 0.985581 0.168932 0.998721 0.00110222 0.0505516
19.730000 -15.53 0.125569 1.29405 2.79937e-05 0.102566 -0.000119064 0.00162604 0.000264194 -0.000266537 0.0496391 0.169206 -0.98433 -0.00965482 0.98558 0.168934 0.998721 0.0011178 0.0505569
19.740000 -15.53 0.126594 1.29405 0.000208834 0.102559 -7.27715e-05 0.00143347 9.26201e-05 -0.00070764 0.0496399 0.169213 -0.984329 -0.00966949 0.985579 0.16894 0.99872 0.00113177 0.0505603
19.750000 -15.53 0.12762 1.29405 0.000380052 0.102555 -2.65142e-05 0.00124734 -8.36526e-05 -0.0011105 0.049639 0.169224 -0.984327 -0.00968249 0.985577 0.16895 0.99872 0.00114421 0.0505616
19.760000 -15.5299 0.128645 1.29405 0.000538434 0.102553 1.72843e-05 0.00107259 -0.000255414 -0.00147849 0.0496363 0.169238 -0.984324 -0.00969394 0.985574 0.168964 0.99872 0.00115521 0.0505609
19.770000 -15.5299 0.129671 1.29405 0.000681262 0.102554 5.64704e-05 0.000913446 -0.000414346 -0.00181459 0.049632 0.169256 -0.984322 -0.00970396 0.985571 0.168982 0.99872 0.00116492 0.0505583
19.780000 -15.5299 0.130696 1.29405 0.000806353 0.102558 8.92578e-05 0.000773218 -0.000553216 -0.00212143 0.0496263 0.169277 -0.984318 -0.00971274 0.985568 0.169002 0.998721 0.00117347 0.0505542
19.790000 -15.5299 0.131722 1.29405 0.000912093 0.102565 0.000114294 0.000654223 -0.000666089 -0.00240125 0.0496194 0.169301 -0.984315 -0.00972046 0.985564 0.169026 0.998721 0.00118105 0.0505487
19.800000 -15.5299 0.132748 1.29405 0.000997452 0.102573 0.000130701 0.000557704 -0.000748499 -0.00265584 0.0496116 0.169327 -0.98431 -0.00972735 0.985559 0.169052 0.998721 0.00118781 0.0505423
19.810000 -15.5299 0.133774 1.29405 0.00106198 0.102584 0.000138085 0.000483828 -0.000797573 -0.00288657 0.0496034 0.169355 -0.984306 -0.00973362 0.985554 0.16908 0.998722 0.00119393 0.0505353
19.820000 -15.5299 0.1348 1.29405 0.00110581 0.102596 0.000136524 0.00043172 -0.000812082 -0.00309433 0.049595 0.169386 -0.984301 -0.00973946 0.985549 0.16911 0.998722 0.00119956 0.050528
19.830000 -15.5299 0.135826 1.29406 0.00112959 0.10261 0.000126538 0.000399555 -0.00079242 -0.00327953 0.0495867 0.169418 -0.984296 -0.00974508 0.985544 0.169142 0.998722 0.00120484 0.0505209
19.840000 -15.5299 0.136852 1.29406 0.00113447 0.102625 0.000109029 0.000384674 -0.000740504 -0.00344216 0.049579 0.169452 -0.984291 -0.00975063 0.985538 0.169176 0.998723 0.00120989 0.0505143
19.850000 -15.5299 0.137878 1.29406 0.00112203 0.102642 8.52188e-05 0.000383754 -0.000659619 -0.00358178 0.0495721 0.169487 -0.984285 -0.00975624 0.985532 0.169211 0.998723 0.00121479 0.0505084
19.860000 -15.5298 0.138905 1.29406 0.0010942 0.102659 5.65679e-05 0.000392984 -0.000554204 -0.00369766 0.0495662 0.169524 -0.984279 -0.00976199 0.985525 0.169247 0.998723 0.0012196 0.0505036
19.870000 -15.5298 0.139932 1.29406 0.00105318 0.102676 2.46916e-05 0.000408275 -0.00042959 -0.00378879 0.0495615 0.169561 -0.984273 -0.00976795 0.985519 0.169284 0.998723 0.00122435 0.0505001
19.880000 -15.5298 0.140959 1.29406 0.00100134 0.102694 -8.72641e-06 0.000425465 -0.000291717 -0.00385404 0.0495582 0.169599 -0.984266 -0.00977411 0.985512 0.169322 0.998723 0.00122904 0.0504979
